1337420950950 17311510489000  -0.0681017413735390  -0.2996476590633392  9.9156131744384766 
1337420950956 17311520560000  -0.0681017413735390  -0.1089627817273140  9.9973354339599609 
1337420950966 17311530601000  0.0272406954318285  0.1089627817273140  9.6023454666137695 
1337420950977 17311540549000  0.0272406954318285  -0.1089627817273140  9.7657890319824219 
1337420950987 17311550712000  0.0272406954318285  -0.1498238295316696  9.7657890319824219 
1337420950997 17311560752000  0.0272406954318285  -0.1089627817273140  9.8066501617431641 
1337420951007 17311571097000  0.0272406954318285  -0.1089627817273140  9.7657890319824219 
1337420951017 17311581412000  -0.0000000000000000  -0.1089627817273140  9.7657890319824219 
1337420951076 17311625876000  -0.0000000000000000  -0.1498238295316696  9.7657890319824219 
1337420951077 17311636771000  -0.0000000000000000  -0.1089627817273140  9.7657890319824219 
1337420951112 17311668845000  0.0272406954318285  -0.0681017413735390  9.7657890319824219 
1337420951143 17311692863000  0.0272406954318285  -0.1089627817273140  9.7249279022216797 
1337420951145 17311702964000  -0.0000000000000000  -0.1089627817273140  9.7249279022216797 
1337420951159 17311715934000  -0.0000000000000000  -0.1089627817273140  9.7657890319824219 
1337420951177 17311736625000  -0.0000000000000000  -0.1089627817273140  9.7249279022216797 
1337420951194 17311750297000  -0.0000000000000000  -0.1089627817273140  9.7657890319824219 
1337420951214 17311760673000  -0.0000000000000000  -0.1498238295316696  9.7249279022216797 
1337420951214 17311770804000  0.0272406954318285  -0.1498238295316696  9.7249279022216797 
1337420951246 17311792808000  0.0272406954318285  -0.1089627817273140  9.7249279022216797 
1337420951246 17311803245000  -0.0000000000000000  -0.1089627817273140  9.7249279022216797 
1337420951265 17311813407000  -0.0000000000000000  -0.1089627817273140  9.7657890319824219 
1337420951265 17311824821000  0.0272406954318285  -0.1089627817273140  9.7657890319824219 
1337420951299 17311855979000  0.0272406954318285  -0.1089627817273140  9.7249279022216797 
1337420951333 17311896781000  0.0272406954318285  -0.1089627817273140  9.7657890319824219 
1337420951363 17311927146000  0.0272406954318285  -0.1498238295316696  9.7657890319824219 
1337420951374 17311937644000  0.0272406954318285  -0.1498238295316696  9.7249279022216797 
1337420951386 17311948752000  0.0272406954318285  -0.1089627817273140  9.7249279022216797 
1337420951397 17311961173000  0.0272406954318285  -0.1089627817273140  9.6840667724609375 
1337420951408 17311972312000  0.0272406954318285  -0.1089627817273140  9.7249279022216797 
1337420951430 17311993491000  0.0272406954318285  -0.1498238295316696  9.7657890319824219 
1337420951452 17312015342000  -0.0000000000000000  -0.1498238295316696  9.7249279022216797 
1337420951483 17312047019000  -0.0000000000000000  -0.1498238295316696  9.6840667724609375 
1337420951496 17312058768000  -0.0000000000000000  -0.1089627817273140  9.7249279022216797 
1337420951511 17312075004000  0.0272406954318285  -0.1089627817273140  9.7249279022216797 
1337420951523 17312087241000  0.0272406954318285  -0.1089627817273140  9.6840667724609375 
1337420951536 17312099845000  0.0272406954318285  -0.1498238295316696  9.7249279022216797 
1337420951562 17312125937000  -0.0000000000000000  -0.1498238295316696  9.7657890319824219 
1337420951576 17312139457000  0.0272406954318285  -0.1498238295316696  9.7657890319824219 
1337420951591 17312154319000  -0.0000000000000000  -0.1498238295316696  9.7249279022216797 
1337420951604 17312167869000  0.0272406954318285  -0.1498238295316696  9.7249279022216797 
1337420951617 17312180655000  -0.0000000000000000  -0.1089627817273140  9.6840667724609375 
1337420951633 17312196708000  -0.0000000000000000  -0.1498238295316696  9.7249279022216797 
1337420951668 17312231559000  0.0272406954318285  -0.1498238295316696  9.7249279022216797 
1337420951715 17312278129000  -0.0000000000000000  -0.1498238295316696  9.7249279022216797 
1337420951728 17312290488000  -0.0000000000000000  -0.1498238295316696  9.6840667724609375 
1337420951744 17312307853000  -0.0000000000000000  -0.1498238295316696  9.7249279022216797 
1337420951757 17312320365000  -0.0000000000000000  -0.1498238295316696  9.7657890319824219 
1337420951770 17312333610000  -0.0000000000000000  -0.1089627817273140  9.7657890319824219 
1337420951783 17312346549000  -0.0000000000000000  -0.1089627817273140  9.7249279022216797 
1337420951818 17312381461000  0.0272406954318285  -0.1089627817273140  9.7249279022216797 
1337420951830 17312393821000  -0.0000000000000000  -0.1089627817273140  9.7249279022216797 
1337420951854 17312417838000  0.0272406954318285  -0.1089627817273140  9.7249279022216797 
1337420951871 17312434592000  -0.0000000000000000  -0.1089627817273140  9.7249279022216797 
1337420951885 17312447471000  -0.0000000000000000  -0.1498238295316696  9.7657890319824219 
1337420951899 17312461661000  0.0272406954318285  -0.1498238295316696  9.7249279022216797 
1337420951912 17312475211000  0.0272406954318285  -0.1089627817273140  9.6840667724609375 
1337420951925 17312488242000  -0.0000000000000000  -0.1089627817273140  9.6840667724609375 
1337420951948 17312511741000  -0.0000000000000000  -0.1498238295316696  9.6840667724609375 
1337420951961 17312524283000  0.0272406954318285  -0.1498238295316696  9.7249279022216797 
1337420951974 17312536521000  -0.0000000000000000  -0.1498238295316696  9.7249279022216797 
1337420951987 17312550468000  0.0272406954318285  -0.1498238295316696  9.7249279022216797 
1337420952000 17312562858000  0.0272406954318285  -0.1089627817273140  9.7249279022216797 
1337420952014 17312577933000  0.0272406954318285  -0.1089627817273140  9.6840667724609375 
1337420952027 17312590415000  0.0272406954318285  -0.1089627817273140  9.7249279022216797 
1337420952049 17312612601000  0.0272406954318285  -0.1498238295316696  9.6840667724609375 
1337420952061 17312624747000  0.0272406954318285  -0.1498238295316696  9.7249279022216797 
1337420952073 17312636588000  -0.0000000000000000  -0.1498238295316696  9.7657890319824219 
1337420952085 17312648459000  0.0272406954318285  -0.1089627817273140  9.7249279022216797 
1337420952102 17312664329000  -0.0000000000000000  -0.1498238295316696  9.7249279022216797 
1337420952128 17312691031000  -0.0000000000000000  -0.1498238295316696  9.7657890319824219 
1337420952140 17312703818000  -0.0000000000000000  -0.1906848698854446  9.7657890319824219 
1337420952155 17312717216000  -0.0000000000000000  -0.1498238295316696  9.7249279022216797 
1337420952181 17312742515000  -0.0000000000000000  -0.1498238295316696  9.6840667724609375 
1337420952205 17312767875000  -0.0000000000000000  -0.1498238295316696  9.7249279022216797 
1337420952232 17312795737000  0.0272406954318285  -0.1089627817273140  9.7249279022216797 
1337420952245 17312808433000  -0.0000000000000000  -0.1498238295316696  9.7657890319824219 
1337420952259 17312821555000  -0.0000000000000000  -0.1089627817273140  9.7657890319824219 
1337420952272 17312835044000  -0.0000000000000000  -0.1089627817273140  9.8066501617431641 
1337420952284 17312847617000  0.0272406954318285  -0.1089627817273140  9.7657890319824219 
1337420952297 17312859366000  -0.0000000000000000  -0.1089627817273140  9.7657890319824219 
1337420952311 17312874167000  -0.0000000000000000  -0.1498238295316696  9.7657890319824219 
1337420952323 17312885886000  -0.0000000000000000  -0.1498238295316696  9.7249279022216797 
1337420952337 17312899711000  0.0272406954318285  -0.1498238295316696  9.7249279022216797 
1337420952374 17312936271000  -0.0000000000000000  -0.1089627817273140  9.7249279022216797 
1337420952393 17312955741000  -0.0000000000000000  -0.1089627817273140  9.6840667724609375 
1337420952405 17312968589000  0.0272406954318285  -0.1089627817273140  9.6840667724609375 
1337420952419 17312981681000  0.0272406954318285  -0.1498238295316696  9.6432065963745117 
1337420952431 17312994285000  0.0272406954318285  -0.1498238295316696  9.6840667724609375 
1337420952444 17313006339000  -0.0000000000000000  -0.1498238295316696  9.6840667724609375 
1337420952491 17313054221000  0.0272406954318285  -0.1498238295316696  9.6432065963745117 
1337420952502 17313065940000  0.0272406954318285  -0.1498238295316696  9.6840667724609375 
1337420952529 17313090629000  0.0272406954318285  -0.1089627817273140  9.6840667724609375 
1337420952553 17313116660000  -0.0000000000000000  -0.1498238295316696  9.7249279022216797 
1337420952567 17313129569000  0.0272406954318285  -0.1498238295316696  9.6840667724609375 
1337420952581 17313144431000  0.0272406954318285  -0.1089627817273140  9.7249279022216797 
1337420952594 17313157279000  0.0272406954318285  -0.1089627817273140  9.6840667724609375 
1337420952609 17313170737000  -0.0000000000000000  -0.1089627817273140  9.7249279022216797 
1337420952621 17313184928000  -0.0000000000000000  -0.1498238295316696  9.6840667724609375 
1337420952636 17313198234000  -0.0000000000000000  -0.1498238295316696  9.7249279022216797 
1337420952662 17313224051000  0.0272406954318285  -0.1498238295316696  9.7249279022216797 
1337420952686 17313249045000  -0.0000000000000000  -0.1906848698854446  9.7249279022216797 
1337420952698 17313261558000  -0.0000000000000000  -0.1498238295316696  9.7249279022216797 
1337420952713 17313275168000  -0.0272406954318285  -0.1498238295316696  9.7249279022216797 
1337420952725 17313288413000  -0.0000000000000000  -0.1498238295316696  9.6840667724609375 
1337420952764 17313327415000  0.0272406954318285  -0.1089627817273140  9.7249279022216797 
1337420952776 17313339835000  0.0272406954318285  -0.1089627817273140  9.6840667724609375 
1337420952831 17313394797000  0.0272406954318285  -0.1089627817273140  9.7249279022216797 
1337420952844 17313407523000  0.0272406954318285  -0.1498238295316696  9.7249279022216797 
1337420952860 17313421714000  -0.0000000000000000  -0.1498238295316696  9.6840667724609375 
1337420952873 17313436393000  0.0272406954318285  -0.1498238295316696  9.6840667724609375 
1337420952887 17313449973000  0.0272406954318285  -0.1498238295316696  9.6432065963745117 
1337420952910 17313473899000  0.0272406954318285  -0.1498238295316696  9.6840667724609375 
1337420952957 17313519889000  -0.0000000000000000  -0.1089627817273140  9.6840667724609375 
1337420952973 17313536094000  -0.0000000000000000  -0.1498238295316696  9.6840667724609375 
1337420953031 17313593833000  -0.0000000000000000  -0.1498238295316696  9.6432065963745117 
1337420953044 17313607383000  -0.0000000000000000  -0.1498238295316696  9.6840667724609375 
1337420953057 17313619651000  -0.0000000000000000  -0.1498238295316696  9.6432065963745117 
1337420953069 17313632834000  0.0272406954318285  -0.1498238295316696  9.6432065963745117 
1337420953081 17313644675000  0.0272406954318285  -0.1498238295316696  9.6840667724609375 
1337420953097 17313660575000  0.0272406954318285  -0.1498238295316696  9.6432065963745117 
1337420953133 17313696006000  0.0272406954318285  -0.1498238295316696  9.6840667724609375 
1337420953150 17313711143000  0.0272406954318285  -0.1498238295316696  9.7249279022216797 
1337420953163 17313726279000  0.0272406954318285  -0.1498238295316696  9.6840667724609375 
1337420953185 17313748252000  0.0272406954318285  -0.1089627817273140  9.6432065963745117 
1337420953200 17313763633000  0.0272406954318285  -0.1498238295316696  9.6432065963745117 
1337420953211 17313774894000  -0.0000000000000000  -0.1089627817273140  9.6840667724609375 
1337420953222 17313785941000  -0.0000000000000000  -0.1498238295316696  9.6840667724609375 
1337420953235 17313798636000  -0.0000000000000000  -0.1089627817273140  9.6840667724609375 
1337420953248 17313810660000  -0.0000000000000000  -0.1498238295316696  9.6840667724609375 
1337420953269 17313832908000  -0.0000000000000000  -0.1498238295316696  9.7249279022216797 
1337420953280 17313844047000  -0.0000000000000000  -0.1498238295316696  9.6840667724609375 
1337420953302 17313865348000  0.0272406954318285  -0.1498238295316696  9.6432065963745117 
1337420953314 17313876578000  0.0272406954318285  -0.1498238295316696  9.6840667724609375 
1337420953335 17313898520000  0.0272406954318285  -0.1498238295316696  9.6432065963745117 
1337420953347 17313910605000  -0.0000000000000000  -0.1498238295316696  9.6840667724609375 
1337420953361 17313922904000  -0.0000000000000000  -0.1498238295316696  9.6432065963745117 
1337420953378 17313941825000  -0.0272406954318285  -0.1498238295316696  9.6432065963745117 
1337420953394 17313956840000  -0.0000000000000000  -0.1089627817273140  9.6840667724609375 
1337420953462 17314025291000  -0.0000000000000000  -0.1089627817273140  9.7249279022216797 
1337420953501 17314063895000  0.0272406954318285  -0.1089627817273140  9.6840667724609375 
1337420953526 17314089164000  0.0272406954318285  -0.1498238295316696  9.6840667724609375 
1337420953538 17314101737000  -0.0000000000000000  -0.1498238295316696  9.7249279022216797 
1337420953573 17314136313000  0.0272406954318285  -0.1498238295316696  9.7249279022216797 
1337420953598 17314159720000  0.0272406954318285  -0.1089627817273140  9.7249279022216797 
1337420953620 17314183890000  0.0272406954318285  -0.1089627817273140  9.6840667724609375 
1337420953644 17314206992000  0.0272406954318285  -0.1498238295316696  9.6840667724609375 
1337420953656 17314219687000  0.0272406954318285  -0.1498238295316696  9.7249279022216797 
1337420953692 17314254996000  -0.0000000000000000  -0.1089627817273140  9.6840667724609375 
1337420953717 17314279960000  -0.0000000000000000  -0.1498238295316696  9.7249279022216797 
1337420953730 17314293448000  0.0272406954318285  -0.1498238295316696  9.7249279022216797 
1337420953742 17314305869000  -0.0000000000000000  -0.1498238295316696  9.7249279022216797 
1337420953777 17314340446000  -0.0000000000000000  -0.1498238295316696  9.6840667724609375 
1337420953799 17314362601000  0.0272406954318285  -0.1498238295316696  9.6840667724609375 
1337420953813 17314375205000  0.0272406954318285  -0.1089627817273140  9.6840667724609375 
1337420953827 17314389853000  0.0272406954318285  -0.1498238295316696  9.6840667724609375 
1337420953840 17314402915000  -0.0000000000000000  -0.1498238295316696  9.7249279022216797 
1337420953854 17314417655000  -0.0000000000000000  -0.1498238295316696  9.6840667724609375 
1337420953879 17314441581000  -0.0000000000000000  -0.1498238295316696  9.6432065963745117 
1337420953891 17314454886000  -0.0000000000000000  -0.1498238295316696  9.6840667724609375 
1337420953914 17314477775000  -0.0000000000000000  -0.1498238295316696  9.7249279022216797 
1337420953926 17314489493000  -0.0000000000000000  -0.1089627817273140  9.7249279022216797 
1337420953939 17314502128000  0.0272406954318285  -0.1089627817273140  9.7249279022216797 
1337420953962 17314525504000  -0.0000000000000000  -0.1089627817273140  9.7249279022216797 
1337420953974 17314537894000  -0.0000000000000000  -0.1498238295316696  9.7249279022216797 
1337420953987 17314550406000  -0.0000000000000000  -0.1089627817273140  9.6840667724609375 
1337420953999 17314562827000  -0.0000000000000000  -0.1498238295316696  9.6840667724609375 
1337420954011 17314575065000  -0.0000000000000000  -0.1498238295316696  9.7249279022216797 
1337420954025 17314588523000  -0.0000000000000000  -0.1498238295316696  9.7657890319824219 
1337420954038 17314601127000  -0.0000000000000000  -0.1498238295316696  9.7249279022216797 
1337420954050 17314613883000  -0.0000000000000000  -0.1089627817273140  9.7249279022216797 
1337420954083 17314646598000  0.0272406954318285  -0.1089627817273140  9.6432065963745117 
1337420954098 17314660087000  0.0272406954318285  -0.1498238295316696  9.6432065963745117 
1337420954143 17314705497000  -0.0000000000000000  -0.1498238295316696  9.6432065963745117 
1337420954157 17314720298000  0.0272406954318285  -0.1498238295316696  9.6840667724609375 
1337420954172 17314735068000  -0.0000000000000000  -0.1089627817273140  9.7249279022216797 
1337420954197 17314760581000  -0.0000000000000000  -0.1089627817273140  9.6840667724609375 
1337420954212 17314774497000  -0.0000000000000000  -0.1089627817273140  9.6432065963745117 
1337420954226 17314789084000  0.0272406954318285  -0.1089627817273140  9.6432065963745117 
1337420954240 17314803245000  -0.0000000000000000  -0.1089627817273140  9.6432065963745117 
1337420954254 17314817100000  -0.0000000000000000  -0.1498238295316696  9.7657890319824219 
1337420954266 17314829764000  -0.0272406954318285  -0.1089627817273140  9.7657890319824219 
1337420954280 17314843497000  -0.0000000000000000  -0.1498238295316696  9.7657890319824219 
1337420954293 17314856223000  -0.0000000000000000  -0.1498238295316696  9.6840667724609375 
1337420954305 17314868857000  -0.0000000000000000  -0.1089627817273140  9.6840667724609375 
1337420954361 17314924766000  0.0272406954318285  -0.1498238295316696  9.6840667724609375 
1337420954373 17314936912000  -0.0000000000000000  -0.1498238295316696  9.7249279022216797 
1337420954397 17314960441000  0.0272406954318285  -0.1498238295316696  9.7249279022216797 
1337420954410 17314973441000  0.0272406954318285  -0.1498238295316696  9.6840667724609375 
1337420954421 17314985129000  0.0272406954318285  -0.1089627817273140  9.6840667724609375 
1337420954443 17315006797000  -0.0000000000000000  -0.1089627817273140  9.6840667724609375 
1337420954490 17315053153000  -0.0000000000000000  -0.1498238295316696  9.6432065963745117 
1337420954502 17315065391000  0.0272406954318285  -0.1498238295316696  9.6432065963745117 
1337420954526 17315089561000  0.0272406954318285  -0.1498238295316696  9.6840667724609375 
1337420954550 17315113669000  -0.0000000000000000  -0.1498238295316696  9.6840667724609375 
1337420954562 17315125907000  -0.0000000000000000  -0.1498238295316696  9.7249279022216797 
1337420954575 17315138236000  0.0272406954318285  -0.1089627817273140  9.7249279022216797 
1337420954598 17315161735000  0.0272406954318285  -0.1089627817273140  9.6840667724609375 
1337420954610 17315173911000  0.0272406954318285  -0.0681017413735390  9.6840667724609375 
1337420954632 17315196036000  -0.0000000000000000  -0.1089627817273140  9.6840667724609375 
1337420954644 17315208060000  0.0272406954318285  -0.1089627817273140  9.6840667724609375 
1337420954658 17315221183000  0.0272406954318285  -0.1498238295316696  9.6840667724609375 
1337420954681 17315244620000  -0.0000000000000000  -0.1498238295316696  9.7249279022216797 
1337420954704 17315267753000  -0.0000000000000000  -0.1089627817273140  9.7249279022216797 
1337420954716 17315279868000  -0.0000000000000000  -0.1498238295316696  9.7249279022216797 
1337420954729 17315292808000  0.0272406954318285  -0.1498238295316696  9.6840667724609375 
1337420954741 17315304832000  -0.0000000000000000  -0.1498238295316696  9.6840667724609375 
1337420954753 17315316886000  0.0272406954318285  -0.1089627817273140  9.6840667724609375 
1337420954777 17315340171000  -0.0000000000000000  -0.0681017413735390  9.7249279022216797 
1337420954788 17315352164000  0.0272406954318285  -0.0681017413735390  9.7249279022216797 
1337420954800 17315363578000  0.0272406954318285  -0.1089627817273140  9.7249279022216797 
1337420954824 17315387351000  0.0272406954318285  -0.1498238295316696  9.6840667724609375 
1337420954836 17315399802000  -0.0000000000000000  -0.1498238295316696  9.6840667724609375 
1337420954849 17315412223000  0.0272406954318285  -0.1498238295316696  9.6432065963745117 
1337420954872 17315435203000  -0.0000000000000000  -0.1498238295316696  9.6432065963745117 
1337420954906 17315469901000  -0.0272406954318285  -0.1498238295316696  9.6840667724609375 
1337420954918 17315481498000  -0.0000000000000000  -0.1498238295316696  9.6840667724609375 
1337420954952 17315516105000  0.0272406954318285  -0.1089627817273140  9.6840667724609375 
1337420954965 17315528434000  -0.0000000000000000  -0.1089627817273140  9.7249279022216797 
1337420954999 17315563071000  -0.0000000000000000  -0.1089627817273140  9.6840667724609375 
1337420955012 17315575156000  0.0272406954318285  -0.1089627817273140  9.6432065963745117 
1337420955036 17315599631000  0.0272406954318285  -0.1089627817273140  9.6840667724609375 
1337420955049 17315612327000  -0.0000000000000000  -0.1498238295316696  9.6840667724609375 
1337420955073 17315636405000  0.0272406954318285  -0.1498238295316696  9.6840667724609375 
1337420955096 17315659720000  -0.0000000000000000  -0.1498238295316696  9.6840667724609375 
1337420955108 17315671439000  -0.0000000000000000  -0.1498238295316696  9.7249279022216797 
1337420955159 17315722709000  0.0272406954318285  -0.1089627817273140  9.6840667724609375 
1337420955171 17315735038000  0.0272406954318285  -0.1498238295316696  9.6840667724609375 
1337420955184 17315747306000  0.0272406954318285  -0.1498238295316696  9.7249279022216797 
1337420955198 17315761191000  -0.0000000000000000  -0.1089627817273140  9.7249279022216797 
1337420955232 17315796012000  -0.0000000000000000  -0.1089627817273140  9.6840667724609375 
1337420955256 17315819541000  -0.0000000000000000  -0.1498238295316696  9.6840667724609375 
1337420955281 17315844047000  0.0272406954318285  -0.1498238295316696  9.6840667724609375 
1337420955304 17315867820000  0.0272406954318285  -0.1089627817273140  9.6840667724609375 
1337420955317 17315879966000  0.0272406954318285  -0.1498238295316696  9.6432065963745117 
1337420955329 17315892142000  -0.0000000000000000  -0.1089627817273140  9.6840667724609375 
1337420955339 17315903525000  0.0272406954318285  -0.1089627817273140  9.6840667724609375 
1337420955351 17315915183000  -0.0000000000000000  -0.1089627817273140  9.6840667724609375 
1337420955361 17315925529000  0.0272406954318285  -0.1089627817273140  9.6840667724609375 
1337420955372 17315935752000  -0.0000000000000000  -0.1089627817273140  9.6840667724609375 
1337420955382 17315945945000  0.0272406954318285  -0.1498238295316696  9.7249279022216797 
1337420955405 17315969108000  0.0272406954318285  -0.1089627817273140  9.6840667724609375 
1337420955415 17315979117000  0.0272406954318285  -0.1498238295316696  9.7249279022216797 
1337420955425 17315989127000  -0.0000000000000000  -0.1498238295316696  9.7249279022216797 
1337420955435 17315999076000  -0.0000000000000000  -0.1498238295316696  9.6840667724609375 
1337420955447 17316010795000  0.0272406954318285  -0.1498238295316696  9.6840667724609375 
1337420955459 17316022788000  0.0272406954318285  -0.1498238295316696  9.6432065963745117 
1337420955484 17316047111000  0.0272406954318285  -0.1498238295316696  9.6840667724609375 
1337420955496 17316059714000  -0.0000000000000000  -0.1498238295316696  9.6840667724609375 
1337420955509 17316072166000  -0.0000000000000000  -0.1498238295316696  9.7249279022216797 
1337420955521 17316084373000  0.0272406954318285  -0.1498238295316696  9.7249279022216797 
1337420955533 17316096641000  -0.0000000000000000  -0.1498238295316696  9.6840667724609375 
1337420955546 17316109366000  0.0272406954318285  -0.1498238295316696  9.7249279022216797 
1337420955569 17316132926000  0.0272406954318285  -0.1089627817273140  9.7249279022216797 
1337420955604 17316167167000  0.0272406954318285  -0.1089627817273140  9.7657890319824219 
1337420955615 17316178672000  -0.0000000000000000  -0.1089627817273140  9.7657890319824219 
1337420955630 17316193229000  0.0272406954318285  -0.1089627817273140  9.7657890319824219 
1337420955642 17316205527000  -0.0000000000000000  -0.1089627817273140  9.7657890319824219 
1337420955677 17316240073000  -0.0000000000000000  -0.0681017413735390  9.7657890319824219 
1337420955689 17316253013000  -0.0000000000000000  -0.1089627817273140  9.7657890319824219 
1337420955701 17316265098000  0.0272406954318285  -0.0681017413735390  9.7249279022216797 
1337420955714 17316277610000  0.0272406954318285  -0.1089627817273140  9.7249279022216797 
1337420955737 17316300986000  -0.0000000000000000  -0.1089627817273140  9.7657890319824219 
1337420955761 17316325034000  -0.0000000000000000  -0.1089627817273140  9.8066501617431641 
1337420955774 17316337760000  -0.0000000000000000  -0.1089627817273140  9.7657890319824219 
1337420955786 17316349509000  -0.0000000000000000  -0.1498238295316696  9.7249279022216797 
1337420955798 17316361594000  0.0272406954318285  -0.1498238295316696  9.6840667724609375 
1337420955822 17316385856000  0.0272406954318285  -0.1089627817273140  9.7249279022216797 
1337420955870 17316433921000  -0.0000000000000000  -0.1089627817273140  9.7249279022216797 
1337420955882 17316446036000  -0.0000000000000000  -0.1089627817273140  9.6840667724609375 
1337420955906 17316469871000  0.0272406954318285  -0.1089627817273140  9.6432065963745117 
1337420955938 17316501914000  0.0272406954318285  -0.1089627817273140  9.6840667724609375 
1337420955950 17316513907000  0.0272406954318285  -0.1089627817273140  9.7249279022216797 
1337420955974 17316537406000  0.0272406954318285  -0.1089627817273140  9.7657890319824219 
1337420956030 17316594016000  -0.0000000000000000  -0.0681017413735390  9.7249279022216797 
1337420956064 17316628562000  -0.0000000000000000  -0.1089627817273140  9.7249279022216797 
1337420956084 17316648276000  0.0272406954318285  -0.1089627817273140  9.6840667724609375 
1337420956094 17316658439000  -0.0000000000000000  -0.0681017413735390  9.7249279022216797 
1337420956108 17316671073000  0.0272406954318285  -0.1089627817273140  9.6840667724609375 
1337420956119 17316683066000  -0.0000000000000000  -0.0681017413735390  9.7657890319824219 
1337420956131 17316694510000  0.0272406954318285  -0.0681017413735390  9.7249279022216797 
1337420956147 17316710715000  0.0272406954318285  -0.1089627817273140  9.7249279022216797 
1337420956157 17316721396000  0.0272406954318285  -0.0681017413735390  9.7657890319824219 
1337420956171 17316734885000  -0.0000000000000000  -0.0681017413735390  9.7249279022216797 
1337420956182 17316745719000  0.0272406954318285  -0.0681017413735390  9.7249279022216797 
1337420956192 17316755851000  -0.0000000000000000  -0.0681017413735390  9.7657890319824219 
1337420956202 17316765830000  -0.0000000000000000  -0.1089627817273140  9.7249279022216797 
